/usr/local/bin/python3.7 /Users/eranh/Project/amaze_list/src/run.py
>> 001.xml , 0 , 4 , [1, 4, 2, 3]
>> 002.xml , 0 , 6 , [4, 3, 1, 4, 2, 3]
>> 003.xml , 0 , 10 , [1, 4, 2, 1, 3, 2, 4, 1, 4, 3]
>> 004.xml , 0 , 12 , [1, 4, 2, 4, 1, 3, 2, 3, 1, 4, 2, 3]
>> 005.xml , 0 , 13 , [1, 4, 2, 3, 1, 3, 1, 4, 2, 4, 1, 4, 2]
>> 006.xml , 0 , 14 , [1, 4, 2, 4, 1, 3, 2, 3, 2, 1, 3, 4, 1, 4]
>> 007.xml , 0 , 10 , [4, 1, 3, 2, 1, 4, 2, 4, 3, 1]
>> 008.xml , 0 , 9 , [1, 4, 2, 3, 1, 3, 2, 4, 2]
>> 009.xml , 0 , 21 , [4, 3, 1, 4, 2, 1, 4, 3, 2, 4, 2, 1, 3, 4, 1, 3, 4, 2, 3, 2, 4]
>> 010.xml , 0 , 12 , [4, 1, 4, 1, 2, 4, 1, 3, 1, 4, 2, 3]
>> 011.xml , 0 , 12 , [1, 4, 2, 3, 1, 4, 2, 3, 1, 4, 2, 3]
>> 012.xml , 0 , 13 , [4, 1, 3, 2, 3, 1, 3, 1, 3, 2, 4, 1, 2]
>> 013.xml , 0 , 8 , [1, 4, 1, 3, 1, 4, 2, 3]
>> 014.xml , 0 , 9 , [4, 3, 1, 4, 2, 3, 1, 4, 2]
>> 015.xml , 0 , 14 , [1, 4, 2, 3, 4, 1, 4, 2, 3, 1, 3, 2, 4, 1]
>> 016.xml , 0 , 16 , [4, 1, 4, 2, 3, 4, 1, 3, 2, 4, 3, 1, 4, 3, 2, 1]
>> 017.xml , 1 , 24 , [1, 4, 1, 4, 2, 4, 2, 3, 1, 3, 2, 3, 4, 1, 4, 1, 3, 2, 3, 1, 3, 2, 4, 2]
>> 018.xml , 0 , 24 , [4, 3, 1, 4, 1, 4, 2, 3, 4, 2, 3, 2, 3, 1, 2, 4, 1, 3, 4, 1, 3, 1, 3, 2]
>> 019.xml , 0 , 16 , [4, 1, 3, 2, 4, 3, 1, 3, 2, 3, 2, 4, 2, 1, 4, 2]
>> 020.xml , 3 , 33 , [1, 2, 4, 2, 4, 3, 1, 4, 2, 1, 3, 1, 3, 4, 1, 3, 2, 1, 4, 2, 4, 1, 2, 3, 2, 4, 1, 4, 2, 1, 3, 1, 3]
>> 021.xml , 0 , 17 , [4, 2, 4, 1, 4, 3, 2, 3, 1, 4, 2, 3, 2, 3, 1, 3, 2]
>> 022.xml , 0 , 19 , [4, 1, 3, 1, 2, 4, 2, 4, 1, 3, 2, 4, 1, 2, 3, 1, 3, 2, 3]
>> 023.xml , 0 , 12 , [1, 4, 1, 4, 1, 3, 2, 4, 2, 4, 2, 3]
>> 024.xml , 0 , 12 , [4, 1, 3, 2, 1, 4, 2, 3, 2, 4, 3, 1]
>> 025.xml , 0 , 14 , [1, 4, 1, 2, 3, 1, 4, 2, 3, 1, 4, 3, 2, 3]
>> 026.xml , 0 , 12 , [1, 4, 2, 3, 1, 3, 2, 4, 3, 2, 4, 1]
>> 027.xml , 0 , 15 , [1, 4, 1, 4, 3, 2, 4, 2, 3, 2, 1, 4, 2, 3, 1]
>> 028.xml , 0 , 10 , [1, 4, 1, 2, 3, 4, 1, 3, 2, 4]
>> 029.xml , 0 , 9 , [4, 3, 1, 4, 2, 3, 1, 4, 2]
>> 030.xml , 3 , 25 , [1, 4, 1, 3, 2, 4, 3, 2, 4, 3, 1, 3, 2, 4, 1, 4, 2, 4, 1, 4, 1, 3, 4, 2, 3]
>> 031.xml , 0 , 18 , [1, 4, 2, 1, 4, 2, 3, 4, 2, 3, 1, 3, 1, 4, 2, 4, 3, 1]
>> 032.xml , 0 , 12 , [4, 1, 3, 1, 4, 1, 2, 3, 1, 4, 2, 3]
>> 033.xml , 0 , 10 , [1, 4, 2, 3, 4, 1, 4, 2, 3, 1]
>> 034.xml , 0 , 15 , [4, 1, 3, 2, 3, 1, 4, 1, 3, 2, 4, 1, 4, 2, 3]
>> 035.xml , 0 , 19 , [1, 4, 2, 4, 1, 4, 2, 3, 2, 4, 1, 3, 4, 1, 3, 4, 2, 3, 1]
>> 036.xml , 0 , 18 , [4, 3, 1, 4, 2, 1, 3, 2, 4, 1, 4, 2, 1, 3, 2, 4, 2, 3]
>> 037.xml , 0 , 17 , [4, 1, 3, 2, 1, 4, 2, 4, 2, 1, 3, 2, 3, 1, 3, 2, 3]
>> 038.xml , 1 , 25 , [4, 1, 4, 2, 4, 1, 3, 1, 2, 3, 1, 3, 1, 2, 3, 1, 4, 2, 4, 1, 4, 2, 1, 3, 2]
>> 039.xml , 0 , 22 , [1, 4, 2, 4, 1, 3, 1, 3, 4, 2, 4, 2, 4, 1, 2, 3, 1, 4, 3, 1, 4, 2]
>> 040.xml , 0 , 17 , [4, 2, 4, 3, 1, 4, 2, 3, 4, 2, 3, 4, 1, 3, 2, 1, 3]
>> 041.xml , 1 , 20 , [4, 3, 1, 4, 2, 3, 4, 1, 4, 3, 1, 3, 4, 2, 4, 2, 3, 4, 1, 3]
>> 042.xml , 1 , 21 , [1, 4, 2, 4, 3, 1, 3, 4, 2, 3, 4, 1, 3, 2, 4, 1, 3, 4, 2, 4, 1]
>> 043.xml , 0 , 20 , [1, 4, 2, 4, 3, 2, 4, 2, 4, 1, 4, 1, 3, 4, 2, 3, 2, 1, 3, 2]
>> 044.xml , 0 , 25 , [4, 1, 4, 1, 4, 2, 3, 4, 2, 3, 1, 3, 2, 3, 4, 1, 4, 3, 1, 4, 2, 3, 2, 3, 1]
>> 045.xml , 0 , 13 , [4, 3, 1, 4, 2, 3, 1, 4, 2, 3, 1, 4, 2]
>> 046.xml , 0 , 20 , [4, 3, 1, 4, 1, 3, 2, 4, 1, 3, 2, 1, 4, 2, 3, 1, 3, 4, 2, 3]
>> 047.xml , 0 , 19 , [4, 3, 1, 4, 1, 3, 1, 4, 1, 3, 1, 4, 1, 3, 1, 4, 1, 3, 1]
>> 048.xml , 0 , 34 , [4, 2, 4, 1, 3, 1, 4, 1, 3, 2, 3, 1, 4, 2, 4, 2, 4, 1, 3, 2, 3, 1, 3, 1, 4, 3, 1, 4, 1, 3, 2, 4, 1, 3]
>> 049.xml , 0 , 25 , [4, 2, 4, 3, 1, 4, 1, 3, 1, 4, 1, 3, 2, 4, 1, 3, 2, 3, 2, 3, 2, 4, 1, 4, 2]
>> 050.xml , 0 , 32 , [4, 1, 3, 1, 3, 1, 4, 2, 3, 4, 2, 4, 1, 4, 1, 3, 1, 4, 2, 4, 1, 3, 2, 4, 3, 1, 4, 2, 1, 3, 2, 4]
>> 051.xml , 22 , 32 , [1, 2, 4, 2, 4, 1, 3, 2, 1, 3, 1, 4, 1, 4, 2, 3, 1, 3, 1, 4, 3, 2, 4, 2, 3, 1, 2, 4, 1, 3, 4, 2]
>> 052.xml , 0 , 24 , [4, 3, 1, 4, 1, 4, 2, 4, 2, 3, 1, 3, 2, 3, 2, 3, 4, 1, 4, 1, 3, 2, 1, 3]
>> 053.xml , 0 , 27 , [4, 2, 1, 3, 2, 3, 1, 3, 2, 3, 1, 3, 2, 3, 1, 4, 2, 4, 1, 4, 2, 4, 1, 4, 2, 4, 1]
>> 059.xml , 0 , 29 , [4, 1, 2, 3, 1, 2, 4, 1, 4, 2, 4, 1, 3, 1, 4, 2, 1, 3, 1, 3, 2, 4, 1, 4, 2, 3, 2, 3, 2]
>> 060.xml , 0 , 25 , [4, 1, 3, 2, 4, 1, 3, 2, 4, 2, 3, 1, 4, 2, 1, 4, 1, 3, 2, 4, 2, 3, 1, 3, 2]
>> 063.xml , 1 , 32 , [4, 1, 4, 2, 3, 1, 3, 2, 3, 1, 4, 1, 4, 1, 2, 3, 1, 4, 3, 2, 3, 1, 3, 2, 4, 1, 3, 2, 3, 1, 2, 4]
>> 065 dan.xml , 2 , 29 , [4, 1, 4, 3, 2, 1, 4, 2, 4, 1, 3, 1, 3, 2, 4, 2, 4, 2, 4, 1, 3, 1, 4, 3, 1, 4, 2, 3, 2]
>> 066 dan.xml , 0 , 18 , [4, 1, 3, 2, 3, 1, 4, 1, 4, 3, 2, 4, 1, 3, 2, 1, 4, 2]
>> 067 dan.xml , 0 , 25 , [1, 4, 2, 3, 2, 3, 4, 1, 3, 1, 4, 2, 4, 1, 3, 1, 3, 2, 3, 1, 2, 4, 1, 2, 3]
>> 068 dan.xml , 0 , 16 , [4, 1, 3, 2, 3, 1, 4, 1, 3, 2, 1, 4, 2, 3, 1, 4]
>> 069 dan.xml , 4 , 37 , [1, 4, 1, 4, 2, 3, 2, 4, 2, 3, 1, 3, 2, 3, 4, 1, 4, 3, 2, 1, 4, 1, 3, 2, 3, 2, 3, 2, 4, 3, 1, 4, 2, 4, 1, 3, 2]
>> 070 dan.xml , 0 , 19 , [4, 1, 4, 1, 3, 1, 4, 2, 3, 1, 4, 3, 2, 4, 2, 4, 1, 3, 1]
>> 071 dan.xml , 0 , 41 , [1, 4, 1, 3, 1, 4, 1, 4, 2, 4, 1, 3, 1, 4, 1, 3, 4, 2, 3, 1, 2, 3, 4, 1, 3, 4, 1, 3, 2, 4, 2, 4, 1, 3, 2, 4, 2, 3, 1, 3, 1]
>> 072 dan.xml , 0 , 19 , [1, 4, 2, 3, 1, 4, 2, 4, 1, 3, 1, 4, 3, 2, 4, 1, 4, 2, 3]
>> 073 dan.xml , 0 , 31 , [4, 1, 3, 2, 4, 2, 3, 1, 3, 2, 3, 1, 4, 1, 4, 3, 2, 4, 1, 3, 1, 4, 1, 4, 2, 4, 2, 1, 3, 2, 3]
>> 074 dan.xml , 0 , 18 , [1, 4, 1, 4, 2, 3, 1, 3, 4, 2, 3, 1, 4, 2, 4, 2, 3, 1]
>> 075 dan.xml , 0 , 17 , [4, 1, 4, 2, 3, 1, 4, 2, 3, 4, 1, 3, 2, 3, 1, 3, 2]
>> 076 dan.xml , 0 , 24 , [1, 2, 4, 2, 3, 1, 4, 1, 4, 2, 3, 1, 4, 1, 3, 2, 1, 4, 2, 3, 2, 4, 1, 3]
>> 077 dan.xml , 0 , 13 , [1, 4, 2, 3, 1, 3, 2, 1, 4, 2, 4, 2, 3]
>> 078 dan.xml , 0 , 21 , [4, 1, 4, 2, 1, 3, 1, 4, 2, 3, 2, 3, 2, 3, 1, 4, 1, 4, 2, 3, 1]
>> 079 dan.xml , 0 , 31 , [4, 1, 4, 3, 2, 3, 1, 4, 1, 3, 2, 1, 4, 2, 1, 3, 2, 4, 2, 3, 1, 2, 4, 2, 3, 1, 4, 1, 3, 2, 4]
>> 080 dan.xml , 0 , 29 , [1, 4, 1, 3, 2, 4, 1, 4, 2, 3, 2, 4, 1, 3, 2, 4, 1, 4, 1, 4, 2, 3, 2, 3, 2, 4, 1, 3, 1]
>> 081 dan.xml , 0 , 20 , [4, 1, 3, 1, 4, 2, 3, 1, 4, 1, 3, 2, 3, 2, 4, 1, 3, 1, 3, 1]
>> 082 dan.xml , 1 , 34 , [1, 2, 4, 2, 1, 4, 1, 3, 4, 2, 4, 1, 4, 1, 3, 2, 4, 1, 4, 3, 1, 3, 4, 2, 4, 2, 4, 1, 4, 2, 3, 1, 3, 2]
>> 083 dan.xml , 0 , 14 , [4, 1, 3, 2, 3, 2, 4, 1, 2, 3, 1, 4, 1, 4]
>> 084 dan.xml , 0 , 24 , [4, 3, 1, 4, 2, 1, 4, 2, 4, 1, 3, 2, 4, 2, 3, 4, 1, 3, 2, 1, 4, 2, 3, 1]
>> 085 dan.xml , 8 , 37 , [4, 2, 4, 2, 1, 3, 2, 4, 2, 3, 1, 4, 1, 3, 4, 1, 3, 2, 4, 1, 4, 2, 3, 2, 3, 1, 4, 1, 4, 1, 4, 1, 3, 2, 4, 2, 3]
>> 086 dan.xml , 4 , 29 , [1, 4, 3, 2, 4, 2, 4, 1, 3, 1, 3, 4, 2, 4, 3, 2, 4, 2, 3, 1, 4, 2, 4, 2, 3, 4, 1, 3, 2]
>> 087 dan.xml , 0 , 30 , [4, 3, 1, 4, 1, 4, 2, 4, 2, 4, 2, 4, 1, 3, 1, 4, 1, 3, 2, 3, 4, 1, 3, 2, 4, 2, 3, 1, 3, 2]
>> 088 dan.xml , 1 , 38 , [1, 4, 2, 3, 4, 1, 3, 1, 4, 2, 3, 2, 4, 1, 4, 2, 3, 2, 4, 2, 3, 2, 4, 1, 3, 2, 3, 1, 3, 1, 3, 4, 2, 3, 2, 4, 1, 3]
>> 089 dan.xml , 17 , 42 , [1, 4, 3, 2, 4, 1, 4, 2, 4, 1, 4, 2, 4, 1, 3, 2, 1, 4, 2, 4, 3, 1, 4, 1, 4, 2, 1, 3, 1, 3, 2, 4, 3, 2, 4, 1, 3, 2, 4, 2, 3, 1]
>> 090 dan.xml , 1 , 30 , [1, 4, 3, 2, 4, 1, 4, 1, 3, 2, 4, 1, 2, 4, 2, 4, 2, 3, 1, 4, 2, 4, 1, 3, 2, 3, 1, 3, 1, 3]

Process finished with exit code 0
