001.xml,0,1,4,2,3
002.xml,0,4,3,1,4,2,3
003.xml,0,1,4,2,1,3,2,4,1,3,4
004.xml,0,1,4,2,4,1,3,2,3,1,4,2,3
005.xml,0,1,4,2,3,1,3,1,4,2,4,1,4,2
006.xml,0,4,1,2,3,1,4,2,4,1,3,2,3,1,3,4,1,4
007.xml,0,1,4,2,3,1,2,4,1,3,2,4
008.xml,0,1,4,2,3,1,3,2,4,2
009.xml,0,1,4,1,2,4,1,4,2,3,2,4,3,1,4,1,3,2,3,1,4,2,3
010.xml,0,4,1,4,1,3,4,2,4,1,3,1,4,2,3
011.xml,0,1,4,2,3,1,4,2,3,1,4,2,3
012.xml,0,4,1,3,2,3,1,3,1,3,2,4,2,1
013.xml,0,1,4,1,3,1,4,2,3
014.xml,0,4,3,1,4,2,3,1,4,2
015.xml,0,1,4,2,3,4,1,4,2,3,1,3,2,4,1
016.xml,0,1,2,4,1,4,2,3,4,1,3,2,3,1,3,4,2,3
017.xml,0,4,1,4,1,3,2,3,1,3,2,4,2,1,4,2,4,2,3,1,3,2,3,1,4
018.xml,0,4,2,4,1,3,2,1,4,1,3,1,2,4,2,3,2,3,1,3,1,4,1,4,2,3,1,3,2
019.xml,0,4,1,3,2,4,3,1,3,2,3,2,4,2,1,4,2
020.xml,0,1,2,4,2,4,3,1,4,2,1,3,1,3,4,1,3,2,1,4,2,4,2,3,2,4,1,4,2,1,3,1,3,2
021.xml,0,4,2,4,1,4,3,2,3,1,4,2,3,2,3,1,3,2
022.xml,0,1,4,1,3,2,3,2,4,1,3,1,2,4,2,4,1,3,2,4,2,1
023.xml,0,1,4,1,4,1,3,2,4,2,4,2,3
024.xml,0,1,4,2,3,2,4,3,1,3,2,4,1,3
025.xml,0,4,1,3,2,3,1,4,1,2,3,1,4,2,3,1
026.xml,0,1,4,2,3,1,3,2,4,3,2,4,1
027.xml,0,4,1,2,3,1,4,1,4,3,2,4,2,3,1,4,2,3,1
028.xml,0,4,1,3,2,4,2,3,1,4,1
029.xml,0,4,1,3,1,4,2,3,1,4,2
030.xml,0,1,4,1,3,2,3,4,2,3,1,4,3,2,4,1,4,2,4,1,3,4,2,3,4,1,3
031.xml,0,1,4,2,3,1,4,1,4,2,3,4,2,3,2,4,1,3,1,3,1,4,2,3,1
032.xml,0,1,4,2,3,2,4,1,3,1,4,2,1
033.xml,0,1,4,2,1,3,2,4,1,4,2,3,1
034.xml,0,4,1,3,2,3,1,4,1,3,2,4,1,4,2,3
035.xml,0,1,4,2,4,1,4,2,3,2,4,1,3,4,2,3,1,2,4,1,3
036.xml,0,1,4,2,1,3,2,4,1,4,2,1,3,2,4,2,3,1,3,2,4
037.xml,0,1,4,2,3,2,4,1,4,2,1,3,2,3,1,3,2,3
038.xml,0,4,1,4,2,3,1,2,4,1,3,2,1,3,2,3,1,2,3,1,4,2,4,1,4,2
039.xml,0,1,4,2,4,1,3,1,3,4,2,4,2,4,1,2,3,1,4,3,1,4,2
040.xml,0,4,2,3,1,4,2,3,4,2,3,4,1,3,2,1,3,2,4
041.xml,0,4,2,3,1,3,1,4,2,4,1,4,1,3,2,3,1,4,2,4,2,3,1,3,1,3
042.xml,0,1,4,2,4,3,1,3,2,1,4,2,3,1,2,4,1,3,2,4,1,3,4,2
043.xml,0,1,4,2,4,1,3,2,1,4,2,4,1,4,1,3,2,4,2,3,2,3,1
044.xml,0,1,4,1,4,1,4,2,4,2,3,1,4,2,3,2,3,4,1,3,2,3,4,1,3,4,1,3,2,3,2
045.xml,0,4,1,2,3,1,4,2,3,1,4,2,3,1,4,2
046.xml,0,4,3,1,4,1,3,2,4,1,3,2,1,4,2,3,1,3,4,2,3
047.xml,0,4,3,1,4,1,3,1,4,1,3,1,4,1,3,1,4,1,3,1
048.xml,0,4,2,4,1,3,1,4,1,3,2,3,1,4,2,4,2,4,1,3,2,3,1,3,1,4,3,1,4,1,3,2,4,1,3
049.xml,0,4,2,4,3,1,4,1,3,1,4,2,3,2,4,1,4,2,4,1,3,2,4,1,3,2
050.xml,0,4,1,3,1,3,2,4,3,1,4,2,4,2,4,1,4,1,3,1,4,2,4,1,3,2,4,3,1,3,2,4,1,4,2
051.xml,0,4,2,4,1,3,2,1,3,2,3,2,4,1,2,3,1,4,2,3,1,4,1,4,1,4,2,3,1,3,1,3,2,1,4
052.xml,0,4,1,3,2,4,2,3,1,3,2,3,2,3,4,1,4,1,3,2,3,1,4,1,4
053.xml,0,4,2,1,3,2,3,1,3,2,3,1,3,2,3,1,4,2,4,1,4,2,4,1,4,2,4,1
054.xml,0,4,1,3,2,4,2,1,3,2,4,2,4,1,4,1,3,1,3,2,3,1,4,1,3,2,3,1,3,1,4,1,4
055.xml,63,1,4,2,3,1,2,3,2,1,4,2,3,2,4,2,4,1,2,4,2,4,1,4,2,1,3,1,4,3,1,2,4,1,4,1,4,2,1,4,2,4,2,3,1,3,1,2
056.xml,4,4,1,4,2,3,2,1,3,1,4,2,3,2,3,1,4,2,3,1,4,1,4,3,2,4,1,4,1,2,3,2,4,1,3
057.xml,247,4,1,3,1,3,4,2,4,3,1,3,4,2,4,1,4,2,4,1,4,1,2,3,2,4,2,4,1,2,3,1,4,3,2,1,4,1,3,1,4,1,3,1,4,1,3,2,3,1,4,1,3,1,4,2,3,2,1,4,2,4,2,4,1,3,2,3,2,4,3,1,2,4,1
059.xml,0,4,1,2,3,1,2,4,1,4,2,4,1,3,1,4,2,3,1,3,1,3,2,4,1,4,2,3,2,3,2
060.xml,0,4,1,3,2,4,1,3,2,4,2,3,1,4,2,4,3,1,4,1,3,2,4,2,3,1,3,2
061.xml,0,1,4,2,4,1,2,3,1,3,1,4,1,4,1,4,2,3,2,4,1,3,2,1,4,3,1,4,2,3
062.xml,4,1,4,1,2,4,1,3,1,4,2,4,1,4,2,3,4,2,3,1,4,1,4,2,3,2,4,1,3,1,3,1,3,4,1,4,2
063.xml,0,4,1,4,2,3,1,3,2,3,1,4,1,4,1,2,3,1,4,3,2,3,1,3,2,4,1,3,2,3,1,2,4
064.xml,5,1,4,1,4,1,4,2,1,3,2,4,3,2,4,1,3,4,1,3,2,4,1,3,2,4,2,4,2,3,1,4,3,1,4
065 dan.xml,0,4,1,3,2,4,1,4,3,1,4,2,4,1,3,1,4,2,3,2,1,3,1,3,2,4,2,4,2,4,1,3,1
066 dan.xml,0,4,1,3,2,3,1,4,1,4,3,2,4,1,3,2,1,4,2
067 dan.xml,0,1,4,2,3,2,1,4,1,3,2,4,1,3,1,4,2,4,1,3,1,3,2,3,1,2,4,1,2,3
068 dan.xml,0,4,1,3,2,3,1,4,1,3,2,1,4,2,3,1,4
069 dan.xml,0,4,1,4,3,2,1,4,1,4,2,3,2,4,2,3,1,3,2,3,1,4,1,3,2,3,2,3,2,4,1,3,1,4,2,4,1,3,2
070 dan.xml,0,1,4,1,4,2,3,1,3,2,4,2,4,1,3,1,4,1,3,4,2,3,2
071 dan.xml,0,1,4,1,3,1,4,1,4,2,4,1,3,1,4,1,3,4,2,3,2,1,3,2,4,1,4,1,3,2,4,2,4,1,3,2,4,2,3,1,3,1,4,2,3
072 dan.xml,0,1,4,2,3,1,4,2,4,1,3,1,4,2,3,2,4,1,4,2,3
073 dan.xml,0,4,2,3,1,3,2,3,1,4,1,4,3,2,4,1,4,1,3,2,3,1,4,1,4,2,4,2,3,1,4,1,3,2
074 dan.xml,0,1,4,2,4,2,3,1,3,2,3,1,4,1,4,2,3,1,3
075 dan.xml,0,4,1,4,2,3,1,4,2,3,4,1,3,2,3,1,3,2
076 dan.xml,0,1,2,4,2,3,1,4,1,4,2,3,1,4,1,3,2,1,4,2,3,2,4,1,3
077 dan.xml,0,1,4,2,3,1,3,2,1,4,2,4,2,3
078 dan.xml,0,1,4,1,4,2,3,1,3,2,4,1,3,1,4,2,3,2,3,1,4,2
079 dan.xml,0,4,1,4,3,2,3,1,4,1,3,2,3,2,4,2,4,2,3,1,4,1,3,2,4,2,4,1,3,1,3,1,4,2
080 dan.xml,0,1,4,1,3,2,4,1,4,2,3,2,4,1,3,2,4,1,4,1,4,2,3,2,3,2,4,1,3,1
081 dan.xml,0,4,1,3,1,4,2,3,1,4,1,3,2,3,2,4,1,3,1,3,1
082 dan.xml,0,4,2,1,4,1,3,4,2,4,1,4,1,3,2,4,1,4,3,1,3,4,2,4,2,4,1,4,2,3,1,3,2,3,2
083 dan.xml,0,4,1,3,2,3,2,4,1,2,3,1,4,1,4
084 dan.xml,0,4,3,1,4,2,3,1,4,1,4,2,4,1,3,2,4,2,3,4,1,3,2,1,4,2,3,1
085 dan.xml,0,4,2,4,2,1,3,2,4,2,3,1,4,1,3,4,1,3,2,4,1,4,2,3,2,3,1,4,1,4,1,4,1,3,2,4,2,3
086 dan.xml,0,4,2,4,1,3,1,3,2,4,3,2,4,1,4,2,4,1,3,2,4,2,3,1,4,2,4,3,2,4
087 dan.xml,0,4,3,1,4,1,4,2,4,2,4,2,4,1,3,1,4,1,3,2,3,4,1,3,2,4,2,3,1,3,2
088 dan.xml,0,1,4,3,2,4,1,3,1,4,2,3,2,4,1,4,2,3,2,4,2,3,2,4,1,3,2,3,1,3,2,3,2,4,1,3,4,2,3,1,4,1,3,1,3
089 dan.xml,0,1,4,3,2,4,1,4,2,4,1,4,2,4,1,3,2,1,3,2,4,3,2,4,2,3,1,4,1,3,2,1,4,1,4,2,4,1,2,3,1,4,1,3,4,2
090 dan.xml,0,1,4,2,3,1,3,1,3,2,4,2,4,2,3,1,4,2,4,1,3,1,3,2,4,1,4,1,3,2,4
091 dan.xml,0,1,4,1,3,2,4,2,3,2,4,1,4,1,3,4,2,4,3,1,4,2,3,1,3,4,2,1,4,1,3,2,3,2,4,2,4,1,4,2,4,1,3,1,3,4
092 dan.xml,3,1,4,2,4,2,4,1,3,1,4,2,3,1,4,2,1,3,2,4,2,4,1,3,1,3,2,3,2,4,1,4,1,4,2,4,1,4,2,4,3
093 dan.xml,0,4,2,4,2,4,1,3,2,4,1,3,1,2,4,2,3,1,3,2,3,1,4,3,2,3,1,3,1,4,2,3,1,2,4,2,4,3,1,3,1,4,1,3,2,3,1,4,2,3,1
094 dan.xml,0,1,4,1,3,1,2,4,2,3,2,1,4,2,3,2,4,2,4,1,3,1,4,1,2,3,2,4,1,3,2
095 dan.xml,0,4,2,4,3,1,3,1,4,2,4,2,3,1,3,1,4,2,3,2,4,2,4,2,3,1,3
096 dan.xml,0,1,4,1,3,1,4,2,3,2,4,1,4,1,3,4,2,3
097 dan.xml,0,4,2,3,2,4,1,3,1,4,1,3,2,4,1,4,2,3,1,4,2,3,2,4,2,3,2,4
098 dan.xml,0,1,4,1,3,1,4,1,3,4,2,3,2,4,3,1,4,2,3,1,3,2,3,1,3,2,3,1,4,2,3,1,3,2,1,4
099 dan.xml,0,1,4,2,1,3,2,4,1,4,1,3,2,4,2,3,1,3,2,3,1,3,2,4,1,4,2,1,3,2,3,1,4,3,2,4
100.xml,3,1,4,1,3,2,4,1,3,1,4,2,3,2,4,1,4,3,2,4,1,4,3,2,3,1,4,1,4,2,3,4,1,3,2,3,1,4,2,3,1,3,2,4,2,4,1,4,1,3,1,4,2,3
101.xml,2,1,4,1,3,1,3,2,3,1,4,2,3,4,2,3,1,4,2,4,1,3,2,3,2,4,1,3,1,4,2,4
102.xml,0,4,2,4,3,1,4,1,3,2,4,2,3,4,1,3,2,3,2,4,3,1,4,2,3,1,3
103.xml,1,4,1,3,2,4,1,2,3,4,2,3,1,3,4,1,3,1,4,2,3,1,4,2,1,3,2,3,2,4,1,2,3,1,4,1,3,2,3
105.xml,0,1,4,2,3,4,1,3,2,1,3,1,4,1,4,3,2,4,2,3,2,4,3
106.xml,0,1,4,2,3,4,1,4,2,4,2,4,1,4,1,3,2,3,2,4,2,4,3,1,3,1,3,1,4,2,3,2,4,1,2
107 dan.xml,0,4,1,4,2,4,2,3,1,3,1,3,2,4,2,4,2,3,1,4,1,4,2,4
108 dan.xml,11,1,4,2,3,2,1,4,1,4,3,1,3,2,4,1,2,4,1,4,2,4,1,3,2,3,1,3,2,4,1,4,1,3,2,4,2,3,2,3,1,4,1,3,2,4,2,1,4
109 dan.xml,0,4,1,3,2,4,2,3,2,4,2,4,1,3,1,4,2,3,1,4,2,4,1,3,4,2,4,2,3,4,1,3,1,3,2,3,1,4,2,4
110 dan.xml,0,1,4,1,4,2,4,2,4,2,3,1,4,1,3,2,3,1,4,1,2,4,1,3,2,3,2,4,1,3
111 dan.xml,4,1,4,2,4,3,2,4,2,4,1,4,2,4,1,3,2,3,1,3,1,4,1,4,2,4,2,1,3,1,3,2,3,2,4,1,3,2,4,1,4,2,3,4,1,4
112 dan.xml,0,1,4,2,4,1,4,1,3,1,4,2,3,4,2,3,2,3,1,4,2,4,1,2,3,1,4,1,2,4,3,1,4,2,4,2,4,1,3,2,4,2,3,1,3
113 dan.xml,0,1,4,1,4,1,3,2,4,3,1,3,2,4,1,3,2,4,1,3,2,3,2,4,1,4,2,3,1,3,1,4,1,4,2,3
114 dan.xml,0,1,4,2,4,1,4,2,4,2,4,1,3,1,3,2,3,1,3,2,4,2,3,2,3,1,4,2,3,2,3,1,3,2,3,2,1,4,2
115 dan.xml,0,4,2,4,1,3,1,4,2,3,2,4,3,2,1,3,1
116 dan.xml,0,1,4,1,4,3,2,4,2,3,1,3,1,4,2,3,1,3,2,4,2,3,1,4
117 dan.xml,0,4,3,1,4,2,4,1,3,2,4,2,1,4,2,3,1
118 dan.xml,0,1,4,2,4,2,3,1,4,2,4,1,3,1,4,2,3,1,3,1,3,1,4,2,3,1,3,2,4,2,3,2,4,2,3,1
119 dan.xml,0,4,1,3,1,2,3,1,4,2,3,4,2,4,1,4,2,4,2,4,1,3,2,3,1,4,1,3,2,3,4,1,4,2,3
120 dan.xml,0,4,1,3,2,4,2,3,1,4,2,3,1,4,2,1,3,1,4,2,3,1,4,2,4,2,1,3,1,4,2,4,2,4,2,4,1,3,2,3
121 dan.xml,0,1,4,2,4,1,3,1,4,1,3,1,4,2,3,1,3,1,4,2,3,1,3,2,4,2,3,2,4,2,4,2,4,3,1,3,1,3,2,4,1,2,3,1,4,2,3
122 dan.xml,0,4,1,3,2,4,2,3,1,4,2,3,1,4,2,4,2,3,1,4,2,3,1,4,2,3,1,4,2,3,2,3,2,3,1,4,2,3
123 dan.xml,0,1,4,2,4,1,4,2,4,2,3,1,3,1,3,2,4,2,4,1,2,3,1,3,4,2,4,1,3,4,2,3,1,4,2,3,1,4,2,3
124 dan.xml,0,4,1,3,1,4,1,3,2,4,1,3,1,4,2,3,1,3,2,4,2,3,2,4,2,3,1,4,1,4,2,3,2,3,1,4,1,3,1,4,1,2,4,2,3,1,3,1,4,1,4
125 dan.xml,0,4,2,4,1,4,1,3,2,4,2,3,1,4,2,4,2,4,1,3,1,3,2,4,1,3,2,4,2,3,2,4,1,4,2,4,1,4,1,4,1,4,2,3,1,3,1,4,2,4,2,4,1,3,2
126 dan.xml,5,4,1,4,1,3,1,3,1,3,2,4,1,4,2,4,1,3,2,4,2,3,1,3,1,3,2,4,3,2,3,1,3,2,4,1,3,2,4,1,4,2,4,2,3,2,3,1,4,1,4,2,4,1,3,1,4,2
127 dan.xml,303,4,1,4,1,3,1,4,2,3,1,3,2,4,1,3,2,3,1,4,1,4,2,4,1,4,2,3,1,3,2,3,1,2,4,1,4,2,3,1,4,1,3,2,3,2,4,2,4,2,3,1,3,2,3,1,3,1,4,1,3,2,4,2,3,2,4,1,3,2,3,1,4,1,3,4,2,3
128 dan.xml,5,4,2,4,1,4,2,4,2,1,3,1,4,1,4,1,4,1,4,3,2,3,1,4,1,4,2,3,2,3,2,4,2,4,2,1,3,2,4,1,4,2,1,3,1,2,4,2,4,3,4,1,3,1,4,1,3,1,4,2,3,1,3
129 dan.xml,301,4,1,4,1,4,2,4,2,3,1,4,1,3,1,3,2,3,2,3,1,4,1,4,2,3,1,3,1,4,1,3,1,4,1,4,2,4,2,3,1,3,2,4,1,4,2,4,2,3,1,3,2,4,1,3,1,3,2,3,2,3,1,4,1,4,2,4,1,3,1,3,1,4,2,4,1,3,2,4,1,3,1,4,1,4,2,4,2,3,2,4,1,4,2,3,1,3,2,4,1,4,2,3,2,4,2,4,1,3,2,4,1,3,2,4,2,4,1,3,2,3,1,4,1,3,2,4,2,4,2,4,1,3,1,4,2,3,1,4,1,3,2,4,2,4,2,3,1,3,2,4,2,3,1,4,2,4,1,3,1,4,1,4,2,4,1,3,2,3,1,4,1,4,2,3
130 dan.xml,0,1,4,1,4,2,3,1,3,1,4,2,3,1,3,2,4,1,4,2,3,1,3,2,4,2,4,2,3,4,1,3,2,4,1,3,1,3,2,3,1,3,2,4
131 dan.xml,0,1,4,1,3,2,4,3,1,4,1,3,1,4,1,4,2,3,2,4,1,2,3,1,4,1,4,1,3
132 dan.xml,0,1,4,1,3,2,4,1,4,2,3,1,3,1,3,2,3,2,4,1,4,2,4,1,3,2,3,1,4,1,2,4,2,3,2,3
133 dan.xml,0,4,3,1,4,2,3,1,2,4,2,4,1,3,1,3,2,4,3,1,4,2,4,3,1,3,1,3,2,4,1,3,4,2,4,2,1,3
134 dan.xml,0,4,2,3,1,4,1,3,2,3,1,3,2,4,1,3,1,4,2,4,1,3,2,4,1,4,1,3,2,4,1,3,2,3,1,4,2,4
135.xml,0,1,4,2,4,2,3,1,4,1,4,2,3,2,1,4,1,3,2,1,3,2,4,1,3,1,3
136.xml,0,4,3,1,4,1,4,2,4,3,1,4,3,2,4,2,1,3,1,4,2,3,1
137.xml,0,4,2,4,1,3,1,4,2,1,3,2,4,1,3,2,4,1,4,2,4,1,4,2
138.xml,0,1,4,2,3,2,4,1,2,4,1,3,1,3,2,3,1,3,1,4,1,3,1,4
139.xml,0,1,4,1,4,1,4,2,3,1,3,2,1,4,2,3,2,4,3,1,4,2,4,1,4,1,3,2,4,1,4,2,3
140.xml,0,1,4,2,3,1,4,2,1,3,1,2,4,1,3,1,4,2,3
141.xml,4,1,4,2,1,4,2,3,4,1,3,1,2,4,1,3,2,3,2,4,2,1,4,2,4,2,3,1,4,1,2,4,1,2,3
142.xml,0,4,1,3,1,4,2,1,3,1,3,2,1,4,2,4,2,4,3,2,3,1,4,1,4,1,3
143.xml,35,1,4,1,4,2,3,2,4,1,3,2,1,4,2,3,2,4,1,3,4,2,4,2,3,1,3,1,2,3,1,2,4,2
144.xml,2,4,3,1,4,1,4,2,3,1,4,2,3,1,3,1,4,2,3,4,1,4,2,1,3,2,3,2,4,1,3,1,3,2,3,1,4,2,3,1
145 dan.xml,0,1,4,1,3,2,4,1,4,1,3,2,4,1,4,2,3,2,1,4,1,2,3,2,3,1,4,2,3,2,3,1,4,1,4,2,4
146 dan.xml,0,1,4,2,4,1,3,2,4,1,4,1,3,2,3,1,4,1,3,1,3,2,1,4,2,4,1,3,2,3,1,4,1,3,1,4,1,3,2,4,2,3
147 dan.xml,0,1,4,2,1,3,2,4,1,4,2,3,1,4,2,4,1,3,2,3,2,4,1,3,1,4,2,4,1,4,2,4,2,3,2,4,1,3
148 dan.xml,0,1,4,2,3,4,1,3,2,1,4,2,3,2,4,3,1,4,1,4,2,3,1,2,4,2,3,1,4,1,3,2,4,3,1,3,2,4,1,4,1,3,2,4,1,2,3
149 dan.xml,1,1,4,2,4,1,3,1,3,2,4,1,4,2,1,4,2,4,1,3,4,1,3,1,4,2,4,2,3,1,3,2,4,1,4,1,4,1
150 dan.xml,1,1,4,2,3,1,2,4,1,4,1,4,1,2,3,2,3,1,4,2,3,2,4,2,3,1,4,2,3,4,1,4,1,3,1,3,2,4,1,2,3,2,4,1,4,2,3,1
151 dan.xml,0,1,4,2,4,1,3,2,4,1,4,2,4,1,3,2,4,2,1,3,1,3,2,1,4,2,3,2,4
152 dan.xml,0,4,1,4,2,1,4,2,3,1,3,2,3,4,2,3,1,3,1,4,1,4,2,3,1,3,2,4,1,3,2,4
153 dan.xml,0,1,4,1,3,2,4,2,3,2,4,2,1,4,2,4,1,2,4,1,4,1,3,2,4,2,3,1,4,1,4,1,4,1,3,2,1,4,2,3,1,3,2,3,2,4,1,3,1,3
154 dan.xml,0,4,1,3,2,4,1,4,1,4,2,3,2,4,1,3,4,2,3,1,3,2,4,2,3,1,4,2,1,3,2,4,3,1,4,1,3,2,4,2,4,3
155 dan.xml,0,4,1,3,2,1,3,1,2,4,1,3,2,4,1,4,2,4,1,3,2,4,3,1,4,2,3,4,1,3,2,3,2,4,1,3,1,4,1,3,2,3,1,3,2,4,1
156 dan.xml,0,1,4,1,4,2,3,2,3,1,4,1,2,3,2,4,1,2,3,1,4,1,3,2,3,2,4,2,3,2,4
157 dan.xml,0,4,3,1,4,1,2,3,2,3,2,4,2,4,2,4,1,3,1,3,1,4,1,3,2,4,2,3,1,4,2,3,1,3,2,4,2,4,2,3,1,3,1,3
158 dan.xml,0,1,4,2,4,1,3,1,4,2,3,2,4,2,3,1,3,2,4,1,4,2,3,2,4,2,3,1,3,2,4,2,3,1,4,2,3
159 dan.xml,0,1,4,2,3,2,4,2,3,1,4,2,3,2,4,1,4,2,4,1,3,1,4,1,3,2,1,3,2,3,2,3,4,1,4,2,3,1,2,4,2,4,1,3,2,3,1
160 dan.xml,0,1,4,2,4,2,3,1,3,2,4,1,3,2,3,2,4,1,4,2,3
161 dan.xml,0,1,4,2,1,3,2,3,2,4,1,4,2,3,1,4,2,4,1,2
162 dan.xml,0,1,4,2,4,1,3,1,3,1,4,2,1,4,1,4,1,3,2,3,2,1,4,2,4,2,1,3
163 dan.xml,0,4,1,4,2,3,1,4,1,3,1,4,2,3,2,4,1,4,2,3,2,3,1,2,4,1,3,1,3,1,4
164 dan.xml,0,1,4,3,2,4,1,3,2,4,2,4,1,3,1,3,1,3,2,1,4,2,3,1,4
165 dan.xml,0,1,4,2,4,2,4,1,3,1,4,2,4,2,3,1,3,1,3,1,3,2,4,1,3,1,3,2,4,3,1,4,2,3,1,3,2,3
166 dan.xml,0,1,4,2,3,2,4,2,4,2,4,1,3,1,4,1,3,2,3,1,4,2,3,1,3,1,4,2,4,1,3,2,3,1,3,2,4,1,3,2,4,1,4,2,3,2,3
167 dan.xml,0,1,4,1,4,1,4,2,3,1,3,2,3,1,4,2,4,1,4,1,4,2,4,1,4,2,3,4,1,3,2,4,2,3,2,4,1,3,2,3,1,4,2,3,4,1,3,4,2,4,1,3,1,4
168 dan.xml,0,4,1,4,2,4,2,3,1,3,2,4,1,3,2,4,2,3,4,1,3
169 dan.xml,0,4,1,4,2,4,1,3,1,4,2,4,3,1,4,1,4,2,4,1
170 dan.xml,16,4,1,4,1,3,1,3,1,2,4,1,2,1,4,2,4,2,4,2,4,1,3,1,3,2,3,4,2,4,2,1,3,2,4,1,4,3,2,4,3,2,3,1,4,2,3,2,4,1,4,1,2,1,3,1
