001.xml,0,1,3,2,4
002.xml,0,3,1,4,2,3
003.xml,0,1,3,2,4,1,3,4
004.xml,0,1,3,2,3,1,4,2,3,1,4,2,4
005.xml,0,1,3,2,3,1,3,1,4,2,3,2
006.xml,0,1,3,2,3,1,3,4,1,4,2,3,1,3,2,3,1,4
007.xml,0,1,3,2,4,2,3,1,3,4,2
008.xml,0,1,3,1,4,2,3,1
009.xml,0,3,1,4,1,3,2,4,3,2,4,2,3,1,4,2,1,3,4
010.xml,0,3,1,2,4,1,3,1,4,2,3,2,4
011.xml,0,1,3,2,4,1,3,2,4,1,3,2,4
012.xml,0,3,4,1,3,2,3,1,3,1,3,2,4,2,1
013.xml,0,1,3,2,4,2,3,2,4
014.xml,0,3,1,4,2,3,1,4,2
015.xml,0,3,1,3,2,4,1,3,1,4,2,3,4,1,4,2
016.xml,0,3,1,4,3,1,2,4,1,4,2,3,4,1,3,2
017.xml,0,1,3,2,3,1,3,2,4,2,4,1,4,2,3,1,3,2,3,1,4,1,4,2,4
018.xml,0,1,3,2,3,1,3,2,4,3,1,4,1,3,2,1,4,2,3,4,2,3,4,1,3
019.xml,0,3,4,1,3,2,4,3,1,3,2,3,2,4,2,1,4,2
020.xml,0,1,3,1,3,2,3,2,4,1,4,3,2,3,1,3,1,3,2,3,1,2,4,1,4,1,2,3,4,1,2,3,4
021.xml,0,1,4,3,2,3,1,4,2,3,2,3,1,3,2,4
022.xml,0,1,3,2,4,1,2,4,3,1,3,2,3,2,4,1,3,1,2,4
023.xml,0,1,3,2,4,2,4,2,3,1,4,1,4
024.xml,0,3,1,3,2,4,1,3,1,4,2,3
025.xml,0,1,2,3,1,3,2,3,1,4,1,2,3,1,4
026.xml,0,1,3,2,4,1,4,2,1,3,2,4,3,2
027.xml,0,3,1,2,4,1,3,1,4,3,2,4,2,3,2,3,1,4,1
028.xml,0,1,3,2,4,2,4,3,1,4,1
029.xml,0,3,1,4,2,3,1,4,2
030.xml,1,3,1,4,1,4,3,2,4,1,4,2,4,1,3,4,2,3,4,1,3,1,4,3,2,4
031.xml,0,3,1,3,2,1,4,2,1,4,2,3,4,2,3,1,3,1,4,2
032.xml,0,1,3,1,4,1,2,3,1,4,2,3
033.xml,0,1,2,3,1,4,3,2,3,1,4,2
034.xml,0,1,3,2,4,3,1,4,1,3,2,4,1,4,2,3
035.xml,0,1,3,4,2,3,1,3,4,2,3,2,4,1,4,3,2,1,4,2,4
036.xml,0,3,1,4,2,1,3,2,4,1,4,2,1,3,2,4,2,3
037.xml,0,1,3,2,3,1,3,2,3,1,3,2,4,1,3,1,4,2
038.xml,1,1,2,3,1,3,2,1,4,2,4,1,4,2,3,2,1,3,2,3,1,3,2,4,1,4,2
039.xml,0,1,2,3,1,4,3,1,4,2,1,3,2,3,4,1,3,1,3,2,1,4,2
040.xml,0,1,3,2,4,3,1,4,2,3,4,1,3,4,2,3,1,3
041.xml,0,3,1,3,4,1,3,2,4,3,2,4,3,1,3,1,4,2,1,3,4
042.xml,0,1,3,2,4,1,3,4,2,3,1,4,2,4,3,1,3,4,2,3,1
043.xml,0,1,4,1,3,4,2,3,2,1,3,2,4,3,1,3,1,4,2,4
044.xml,0,1,2,3,1,3,2,3,4,1,4,3,1,4,2,3,2,3,1,2,4,1,4,1,4,2,3
045.xml,0,3,1,4,2,3,1,4,2,3,1,4,2
046.xml,0,3,1,4,1,3,2,4,1,3,2,1,4,2,3,1,3,4,2,3
047.xml,0,3,1,4,1,3,1,4,1,3,1,4,1,3,1,4,1,3,1
048.xml,0,1,3,2,3,1,4,2,3,2,4,1,4,3,2,4,2,4,1,3,1,4,1,3,2,3,1,4,2,4,1,2,4,1,3
049.xml,0,3,1,4,1,3,1,4,2,3,2,4,1,4,2,4,1,3,2,4,1,3,2
050.xml,0,1,3,2,4,2,4,1,3,1,4,2,4,2,3,1,3,2,1,4,2,4,2,3,4,1
051.xml,15,1,3,1,3,4,2,4,3,1,3,1,2,4,1,3,4,2,3,1,4,2,1,4,1,4,2,3,1,3,1,4,3,2
052.xml,0,1,3,2,4,2,3,1,3,2,3,2,3,4,1,4,1,3,2,3,1,4,1,4
053.xml,0,1,3,2,3,1,3,2,3,1,3,2,3,1,4,2,4,1,4,2,4,1,4,2,4,1
054.xml,1,3,4,1,3,1,4,3,2,4,2,1,3,1,4,3,2,4,2,4,1,3,4,1,3,1,3,2,3,1,4,1
055.xml,1,1,3,1,4,3,1,2,4,1,2,4,2,4,2,4,1,2,3,1,3,1,4,1,4,2,1,4,2,4,2,3,1,3,1,2,3,1,4,2,3,1,2,3,2,1,4,2
056.xml,47,1,3,2,4,1,4,2,3,2,1,3,1,4,2,3,2,3,1,4,2,4,3,1,4,1,4,3,2,4,1,4,1
057.xml,1,1,3,1,3,2,4,2,4,3,1,4,3,2,4,1,4,2,1,3,2,3,1,3,2,4,1,3,2,1,3,1,2,4,1,4,1,3,1,4,1,3,2,1,4,2,4,2,4,1,3,2,4,1,4,2,3,2,4,1
058.xml,172,1,4,1,2,3,1,4,2,1,4,2,4,2,1,3,2,3,1,2,4,1,4,1,3,2,1,4,2,3,2,4,1,3,1,4,2,4,1,4,2,4,1,3,1,4,1,4,2,4,2,3,4,2,3,1,4,3,2,4,3,1,4,3,2,4,1,3,2,4,1,2,3,2,3,1
059.xml,0,3,1,2,4,1,4,2,4,1,3,1,4,2,1,3,1,3,2,4,1,4,2,3,2,3,2,4,1
060.xml,0,1,4,2,1,4,1,3,2,4,2,3,1,3,2,4,1,3,2,4,1,3,2,4,2,3
061.xml,1,1,2,3,1,3,1,4,1,4,1,4,2,3,2,4,1,3,2,1,4,3,1,4,2,3,1,4
062.xml,62,3,4,1,3,1,4,1,3,2,3,1,3,1,4,2,4,1,4,1,4,2,1,3,2,4,3,2,1,4,1,2,4,1,3,1
063.xml,0,3,1,4,3,2,3,1,4,1,4,1,2,3,1,4,3,2,3,1,3,2,4,1,3,2,3,1,2,4
064.xml,12,3,1,4,1,4,1,3,2,3,4,1,4,2,4,1,3,4,1,3,2,3,1,3,4,2,4,1,4,3,2,4,2
065 dan.xml,0,1,2,3,1,3,1,3,1,4,2,3,2,4,3,1,4,3,1,2,4,2,3,1,3,2,4,1,3,4
066 dan.xml,0,1,2,3,1,4,2,1,4,3,2,4,1,3,2,1,4,2,3
067 dan.xml,0,3,1,4,2,3,2,4,1,3,1,4,2,4,1,3,1,3,2,3,1,2,4,1,2,3
068 dan.xml,0,1,3,2,4,3,1,4,1,3,2,1,4,2,3,1,4
069 dan.xml,1,1,3,1,4,1,3,2,3,2,3,2,4,3,1,4,2,4,1,3,2,4,2,3,1,3,2,1,4,3,2,1,4,1,2,3,2,4
070 dan.xml,0,3,1,4,1,3,1,4,2,3,1,4,3,2,4,2,4,1,3,1
071 dan.xml,0,3,1,3,1,4,2,3,2,3,1,4,1,3,1,4,1,4,2,4,1,3,1,4,1,3,4,2,3,1,2,4,1,4,1,3,2,4,2,4,2,1,3,2
072 dan.xml,0,3,1,4,2,3,1,4,2,4,1,3,1,4,3,2,4,1,4,2
073 dan.xml,0,3,1,3,2,3,1,4,1,4,3,2,4,1,4,2,1,3,2,3,1,4,1,4,2,4,2,1,3,2,3
074 dan.xml,0,1,3,4,2,3,1,3,2,3,1,4,1,4,2,3,1,3
075 dan.xml,0,3,1,3,2,3,1,3,2,4,1,4,2,3,1,4,2,3
076 dan.xml,0,1,3,2,4,3,1,4,1,3,2,3,1,3,1,2,4,2,1,4,1,2,3,1,4
077 dan.xml,0,1,2,3,1,4,2,3,1,3,2,1,4,2
078 dan.xml,0,3,1,2,4,1,3,2,3,2,4,1,3,1,4,2,3,2,3,1,4,2
079 dan.xml,0,3,1,4,1,3,2,4,2,4,1,3,1,4,3,2,4,3,1,4,2,4,1,3,4,2,3,2,4,1,4
080 dan.xml,0,1,3,1,2,4,2,3,1,4,1,4,1,3,2,3,2,3,1,4,2,3,2,4,1,4,1,3,2,4,1
081 dan.xml,0,1,3,1,3,1,3,2,4,1,3,1,4,2,3,1,4,1,3,2,3,2,4
082 dan.xml,0,3,4,1,4,1,3,2,4,1,4,3,1,3,4,2,4,2,4,1,4,2,3,1,3,2,3,2,4,2,1,4,2,1,3
083 dan.xml,0,3,1,4,1,4,2,1,3,2,3,2,4,2,1
084 dan.xml,0,3,1,2,4,1,3,2,4,1,2,3,2,4,3,1,4,2,1,4,2,4,2,1,3,2
085 dan.xml,0,3,1,4,1,4,1,4,1,3,2,4,2,3,2,4,2,4,2,1,3,2,4,2,3,1,4,1,3,4,1,3,2,4,1,4,2,3
086 dan.xml,0,1,3,1,3,2,4,3,2,4,2,4,3,1,4,2,4,1,3,2,4,2,3,1,4,2,4,3,2,4
087 dan.xml,0,1,3,1,4,1,3,2,3,4,1,3,2,4,2,3,1,3,2,3,2,4,3,1,4,1,4,2,4,2,4,2,4
088 dan.xml,0,1,2,3,1,3,1,3,4,2,3,2,4,1,3,1,2,3,1,4,1,3,1,4,2,3,2,4,1,4,2,3,2,4,2,3,2,4,1
089 dan.xml,7,1,3,1,4,2,4,3,1,4,1,4,2,1,3,1,3,2,4,3,2,4,2,3,1,4,1,3,2,1,4,2,3,1,3,2,3,1,4,2,4,1,4,2,4
090 dan.xml,0,3,1,4,2,4,1,3,2,3,1,3,1,3,2,4,2,4,1,3,1,3,2,4,1,4,1,3,2,4
091 dan.xml,3,1,3,1,4,3,1,3,2,4,2,3,2,4,1,4,1,3,4,2,4,3,1,4,1,3,4,2,3,1,3,4,2,1,3,2,4,2,4,1,4,2,4
092 dan.xml,17,3,1,4,2,1,3,2,1,3,2,3,2,4,1,4,1,4,1,3,2,4,2,4,2,4,1,3,1,4,2,3,1,4,2,1,3,2,1,4,2,3,1
093 dan.xml,4,1,3,1,3,2,4,1,3,2,4,2,3,1,3,2,3,1,4,3,2,4,3,1,4,3,1,4,2,3,4,2,4,3,1,3,1,4,1,3,2,3,1,4,2,3,1
094 dan.xml,1,1,4,3,2,4,3,1,4,1,2,4,3,1,2,3,1,4,1,3,1,4,1,3,1,4,3,2,4,2
095 dan.xml,0,3,1,3,2,4,2,4,3,1,3,1,4,2,4,2,3,1,3,1,4,3,2,4,2,4,2
096 dan.xml,0,1,4,1,3,4,2,3,1,4,1,3,1,4,2,3,2,4
097 dan.xml,0,3,1,3,2,4,2,3,1,4,1,3,2,4,1,4,2,3,1,4,2,3,2,4,2,3,2,4
098 dan.xml,1,1,3,1,4,1,3,4,2,3,2,3,4,1,3,2,3,1,3,2,3,1,4,2,3,1,4,3,2,3,4,2,3
099 dan.xml,0,3,1,3,2,3,1,3,2,4,2,1,4,3,2,4,3,1,3,2,4,3,1,4,1,3,4,2,3,2,3,1,4,2
100.xml,32,3,1,4,1,3,1,4,2,3,1,4,2,3,1,3,2,4,2,4,3,1,3,2,1,4,1,3,2,1,4,2,3,4,1,4,2,4,1,3,2,1,4,2,3,2,4,1,4,3,2,4,1,4
101.xml,11,1,3,1,4,2,3,4,1,3,2,3,2,4,1,3,1,2,4,1,3,1,3,2,4,3,1,4,2,3,4,2
102.xml,1,3,1,3,2,4,2,4,3,1,4,1,3,2,4,2,1,3,2,3,2,4,3,1,4,2
103.xml,30,3,1,3,4,1,3,1,4,3,2,3,2,4,3,2,3,4,1,3,2,4,1,3,4,2,3,1,4,2,1,3,2,3,2,4,1
104.xml,92,3,1,3,2,3,4,1,3,1,2,4,1,4,3,2,4,1,3,2,1,3,2,4,2,3,2,4,1,2,3,1,3,2,4,3,1,4,2,3,1,4,2,3,4,2,1,3,1,3
105.xml,0,3,1,4,2,3,4,1,3,2,1,3,1,4,1,4,3,2,4,2,3,2
106.xml,0,1,4,1,3,2,3,2,4,2,4,3,1,3,1,3,1,4,2,3,2,4,1,2,3,1,4,2,3,4,1,4,2,4,2,4
107 dan.xml,0,3,1,4,2,3,1,3,1,3,2,4,1,4,2,1,3,2,4,2,3,1,4,1,4
108 dan.xml,122,3,1,3,4,2,1,3,2,3,2,1,3,2,1,4,1,3,2,4,2,3,2,3,1,4,1,4,3,2,4,2,4,3,2,4,1,2,4,1,4,3,2
109 dan.xml,2,1,3,1,4,2,3,1,4,2,4,1,3,4,2,4,2,3,4,1,3,1,3,2,3,1,2,4,2,4,1,2,3,2,4,2,4
110 dan.xml,0,1,3,2,1,3,2,3,1,4,1,2,4,3,1,4,3,2,4,1,3,2,1,4,1,4,2,4,2
111 dan.xml,39,1,2,3,1,3,2,3,1,4,3,2,4,2,4,1,3,1,3,1,4,3,2,3,1,2,4,1,3,2,1,4,2,3,4,1,4,2,3,2,3
112 dan.xml,4,1,3,2,4,2,3,1,3,1,4,2,4,1,4,1,3,1,4,2,3,4,2,3,2,3,1,4,2,4,1,2,3,1,4,1,2,4,3,1,4,2,4
113 dan.xml,0,1,4,1,4,1,3,2,4,3,1,3,2,4,1,3,2,4,1,3,2,3,2,4,1,4,2,1,3,1,4,1,4,2,3
114 dan.xml,0,1,3,1,2,4,2,3,2,3,1,4,2,3,2,3,1,3,2,3,4,2,1,3,2,4,2,4,1,4,2,4,2,4,1,3,1,3
115 dan.xml,0,1,3,1,4,2,3,2,4,3,2,1,3,1,2,4,2,4
116 dan.xml,0,1,2,3,1,4,3,2,4,2,3,1,4,3,2,1,4,1,4,3,2,4,2,3,1,3
117 dan.xml,0,3,1,3,2,4,1,4,2,4,1,3,2,4,2,1,4,2
118 dan.xml,0,3,4,1,3,1,4,2,3,4,1,3,1,4,2,3,1,3,2,4,2,3,2,4,2,3,1,3,2,1,4,2,4
119 dan.xml,1,3,4,1,3,2,1,3,4,2,3,2,3,2,4,1,4,2,4,3,1,3,2,4,1,3,2,1,3,4
120 dan.xml,0,1,3,2,4,2,3,1,4,2,3,1,4,2,1,3,1,4,2,3,1,4,2,4,2,1,3,1,4,2,4,1,2,4,2,4,1,3,2
121 dan.xml,1,1,3,1,4,1,3,2,1,4,2,1,3,1,4,2,3,1,3,2,4,2,3,2,4,2,4,2,4,3,1,3,1,3,2,4,1,2,3,1,4,2,3,1,4,2,4
122 dan.xml,0,3,1,4,2,3,1,4,1,4,1,3,2,4,1,3,2,4,2,3,1,4,2,3,1,4,2,4,1,2,3,1,4,2,3
123 dan.xml,0,3,1,4,2,3,1,3,2,4,1,3,1,2,4,1,3,1,3,1,4,2,4,1,3,2,4,2,3,1,3,4,2,3,4,1
124 dan.xml,12,1,3,1,4,1,3,4,2,3,2,3,1,4,2,3,1,3,1,3,2,1,4,1,2,4,1,4,1,4,2,3,1,4,3,2,4,2,3,2,4,2,1,3,2,4,1,3
125 dan.xml,7,3,1,3,1,4,2,1,3,2,4,2,4,1,4,1,4,3,2,4,2,3,4,2,4,1,3,1,4,3,2,4,2,3,2,4,1,4,2,4,1,4,1,4,1,4,2,1,3,2
126 dan.xml,15,1,4,1,3,1,3,2,1,3,2,4,1,4,2,4,1,3,4,2,3,1,3,1,3,2,4,3,2,3,1,3,2,4,2,1,4,2,4,2,3,2,4,3,1,4,1,4,2,4,1,3,1,4,2
127 dan.xml,56,1,3,2,3,1,4,2,3,2,3,2,3,1,4,1,4,2,4,1,4,2,3,1,3,2,3,2,1,4,2,3,2,4,2,4,2,4,2,3,1,3,2,3,1,3,1,4,2,4,1,4,3,2,3,1,4,1,3,2,1,4,2,3
128 dan.xml,53,3,1,3,1,4,1,4,1,4,2,3,2,4,1,4,2,3,2,3,2,4,2,3,4,2,3,1,3,1,2,3,4,1,2,4,1,3,1,4,1,3,1,4,3,2,4,2,4,1,3,4,2
129 dan.xml,295,3,1,4,3,2,4,2,3,1,4,1,4,3,2,4,3,1,4,1,3,1,3,2,4,1,4,2,4,2,3,4,1,3,1,3,2,3,2,3,1,4,1,4,2,4,1,3,1,3,4,2,4,1,3,2,3,2,4,1,4,1,4,2,4,2,3,2,4,1,2,3,1,3,2,4,1,4,2,4,3,2,4,2,4,2,4,1,3,1,4,1,4,2,3,4,1,3,2,3,1,4,1,3,1,3,2,3,1,4,1,3,2,4,1,3,1,3,2,3,2,3,1,4,1,3,1,4,3,2,4,2,1,3
130 dan.xml,0,3,1,4,2,3,1,3,1,3,2,3,1,3,2,4,3,1,4,1,4,2,3,1,3,1,4,2,3,1,3,2,4,1,4,2,3,1,3,2
131 dan.xml,0,3,1,4,1,4,1,3,1,4,1,3,2,4,3,1,4,1,3,1,4,1,4,2,3,2
132 dan.xml,0,3,4,1,4,1,3,1,4,2,1,4,2,3,1,3,1,3,2,3,1,4,1,3,2,3,2,4,1,4,2,4,1,3,2
133 dan.xml,0,1,3,1,3,2,4,3,1,4,2,3,1,3,1,3,2,4,1,3,4,2,3,4,2,4,2,4,2,3,1,3,1,3,2,4,1
134 dan.xml,0,1,2,3,1,4,2,3,2,4,2,3,1,3,1,4,2,4,1,3,2,4,1,4,2,1,3,2,3,1,4,2,4,1,3,2,3,1
135.xml,0,3,1,4,1,4,2,3,2,1,4,1,3,2,1,3,2,4,1,3,1,3,2,1
136.xml,0,1,3,1,4,2,3,1,3,2,4,3,1,4,1,4,2,4,3,1,3,4
137.xml,0,1,3,2,4,1,3,2,4,2,4,1,3,1,4,3,2,4,1,4,2,4,1,4,2
138.xml,4,1,3,1,3,2,4,3,1,3,1,3,2,1,4,2,3,2,4,1,4,3,2,4,1,3
139.xml,2,3,1,4,1,4,1,4,2,1,3,2,1,4,2,3,2,1,4,2,4,1,4,1,3,2,4,1,4,2,3
140.xml,0,1,3,2,4,2,3,1,4,2,1,3,2,1,4,2,3,1,4
141.xml,19,1,3,1,4,2,1,3,2,1,3,4,2,3,1,4,2,1,4,3,2,4,1,4,3,2,3,2,1,4,2,3
142.xml,0,3,1,4,1,4,1,3,2,4,2,4,3,2,4,1,3,1,4,2,1,3,1,3,2,1
143.xml,188,3,1,3,2,3,1,2,4,2,1,3,1,3,4,2,1,3,2,1,3,4,2,3,1,2,4,1,3,4,1,4,3,2,4
144.xml,6,3,1,4,1,4,2,3,1,4,2,3,1,3,1,4,2,1,4,3,2,3,2,4,1,3,1,3,2,3,2,1,4,2
145 dan.xml,2,3,1,4,1,4,2,1,4,2,3,2,3,1,3,1,4,1,3,4,1,3,2,4,1,4,2,4,3,2,4,1,4,1
146 dan.xml,7,3,1,3,2,4,1,3,1,3,2,1,4,2,3,4,1,3,2,4,2,3,4,1,3,1,4,1,3,1,4,1,2,4,2,3
147 dan.xml,0,3,4,1,3,1,4,1,3,1,4,2,1,3,2,4,1,4,2,3,4,1,3,2,3,2,4,1,3,1,4,2
148 dan.xml,11,1,2,3,1,4,1,3,2,4,3,1,3,2,1,4,1,4,2,3,1,3,2,3,4,1,2,3,1,4,2,3,4,1,3,2,1,4,2,3,2,3,1,4,1
149 dan.xml,36,1,2,3,1,3,1,4,1,4,2,1,4,2,4,1,3,4,1,3,1,4,2,3,1,3,2,4,2,4,2,3,2,4,1
150 dan.xml,25,1,2,3,1,4,1,2,3,2,4,1,4,2,3,1,3,1,4,1,4,1,2,3,2,3,1,4,2,3,2,1,3,2,4,1,2,4,2,3,1,2,4
151 dan.xml,0,1,3,2,4,2,1,3,1,3,2,1,4,2,3,2,4,2,3,1,3,2,3,1,4,2,4,1
152 dan.xml,0,3,1,4,1,4,2,1,4,2,3,1,3,2,3,4,2,3,1,3,1,4,1,4,2,1,3,2,4,1,3,2,4
153 dan.xml,11,3,1,2,4,1,4,1,3,2,4,2,3,1,4,1,4,1,4,3,2,4,3,2,3,1,3,1,3,2,4,2,3,1,4,2,3,2,4,1,3,1,3,1,4,2,4,1,4,2,4,1,3,2
154 dan.xml,1,1,3,1,3,2,4,1,4,1,4,2,3,2,3,1,3,2,4,2,3,1,4,2,1,3,2,4,3,1,4,1,3,2,4,2,3,4
155 dan.xml,11,3,1,3,2,1,4,1,3,2,4,1,4,2,4,1,3,2,4,3,1,4,2,1,3,2,3,2,4,3,1,4,1,3,2,3,2,1,3,2,4,1
156 dan.xml,0,3,1,4,1,4,2,3,2,3,1,4,1,2,3,2,4,2,1,3,2,3,1,4,3,2,4,2,3
157 dan.xml,13,3,1,3,1,3,4,1,3,2,4,1,2,3,2,3,2,4,2,4,2,4,1,3,1,3,2,4,3,1,4,1,3,2,4,2,3,1,4,2,3
158 dan.xml,0,1,3,1,4,2,3,2,4,2,3,1,3,2,4,1,4,2,3,2,4,2,4,3,1,3,2,4,2,3,1,4,2,3
159 dan.xml,21,3,1,2,4,1,3,2,1,3,1,4,2,1,3,2,4,2,3,1,4,2,3,2,4,1,4,2,4,1,3,1,4,1,3,2,1,3,2,3,2,3,4,1,4,2
160 dan.xml,0,3,1,2,4,1,3,1,3,2,4,1,3,4,2,3,2,4,1,3,2
161 dan.xml,0,1,3,2,3,1,4,2,4,2,1,4,2,3,1,4,1,3
162 dan.xml,0,1,2,3,1,4,2,1,4,1,4,1,3,2,3,2,1,4,2,4,1,3,4,2,3,1,3,1
163 dan.xml,0,3,1,2,4,1,3,1,3,2,1,4,2,3,4,1,3,2,3,1,4,2,4,2,3,2,4,1,4,2
164 dan.xml,0,3,1,3,1,4,2,3,1,4,2,1,3,1,3,1,3,2,1,4,2,3,1,4
165 dan.xml,0,1,3,1,3,2,4,2,4,3,1,3,2,4,3,1,3,1,3,2,4,1,3,1,3,2,4,3,1,4,2,3,1,3,2,3
166 dan.xml,1,3,4,1,3,1,4,1,3,2,3,1,4,2,3,1,3,1,4,2,4,1,3,2,3,1,4,2,1,3,2,4,1,3,2,4,1,4,2,3,2,3
167 dan.xml,43,1,2,3,1,3,1,4,1,4,2,4,3,1,3,2,3,1,4,2,4,2,3,2,4,2,4,3,2,4,1,4,2,3,1,4,3,2,4,1,4,1,3,1,4,2,3,1,4
168 dan.xml,0,1,3,2,3,4,2,3,1,3,2,4,1,3,2,4,3,1,4,2,4
169 dan.xml,0,1,2,3,1,3,2,4,2,1,4,2,4,1,3,1,2,4
170 dan.xml,4,3,1,4,2,3,2,4,1,4,2,3,4,1,3,1,4,2,3,4,1,4,2,4,2,3,4,2,3,2,3,2,1,4,2,3,1,4,1,3,1,3,2,3,1,3,1,4,2,1,3,1,4,2,3,2,4,2